-1
0 1 0 2 0 3
0.01
-1.821196228058075128e-02 -1.172316874998102776e-02 -1.654673617630070953e-02
3.985034659289087955e+00 9.633693750012994883e-03 2.371895510686845843e-02
7.988281280858758215e+00 3.099055625000612935e-02 6.398464639003767496e-02
1.199152790242842848e+01 5.234741875001880373e-02 1.042503376732068360e-01
-5.141428937855088144e-01 1.200117386526785737e+02 3.951299581254904408e-02
3.489103727784161002e+00 1.200330955151785730e+02 7.977868709571822592e-02
7.492350349353829486e+00 1.200544523776785724e+02 1.200443783788874286e-01
1.149559697092349708e+01 1.200758092401785575e+02 1.603100696620566035e-01
-2.661774280330447828e-01 6.000000774196428210e+01 1.148312981812415860e-02
3.737069193536625811e+00 6.002136460446429567e+01 5.174882110129335605e-02
7.740315815106292519e+00 6.004272146696430212e+01 9.201451238446256564e-02
1.174356243667596367e+01 6.006407832946430858e+01 1.322802036676317405e-01
-7.621083595379727349e-01 1.800234695633928652e+02 6.754286180697391395e-02
3.241138262031696193e+00 1.800448264258928646e+02 1.078085530901431166e-01
7.244384883601365566e+00 1.800661832883928923e+02 1.480742443733122915e-01
1.124763150517103405e+01 1.800875401508928633e+02 1.883399356564815219e-01
-1.421946951568123785e-01 2.999414228660713988e+01 -2.531803179088278066e-03
3.861051926412857327e+00 3.001549914910715700e+01 3.773388810408090377e-02
7.864298547982525811e+00 3.003685601160715990e+01 7.799957938725009254e-02
1.186754516955219430e+01 3.005821287410715925e+01 1.182652706704192952e-01
-6.381256266617403305e-01 1.500176041080357550e+02 5.352792880976147555e-02
3.365120994907927710e+00 1.500389609705357259e+02 9.379362009293065738e-02
7.368367616477598858e+00 1.500603178330357252e+02 1.340593113760998600e-01
1.137161423804726468e+01 1.500816746955357246e+02 1.743250026592690627e-01
-3.901601609092767986e-01 9.000587319732146341e+01 2.549806281533660568e-02
3.613086460660392518e+00 9.002723005982143434e+01 6.576375409850579445e-02
7.616333082230061002e+00 9.004858692232143369e+01 1.060294453816749971e-01
1.161957970379972949e+01 9.006994378482143304e+01 1.462951366648441998e-01
-8.860910924142045841e-01 2.100293350187500039e+02 8.155779480418637317e-02
3.117155529155464233e+00 2.100506918812499748e+02 1.218234860873555481e-01
7.120402150725132273e+00 2.100720487437500026e+02 1.620891773705247230e-01
1.112364877229480342e+01 2.100934056062500304e+02 2.023548686536939534e-01
0 0
0 1
1 1
0 2
1 2
2 2
0 3
1 3
2 3
3 3
0 4
1 4
2 4
3 4
4 4
0 5
1 5
2 5
3 5
4 5
5 5
0 6
1 6
2 6
3 6
4 6
5 6
6 6
0 7
1 7
2 7
3 7
4 7
5 7
6 7
7 7
0 8
1 8
2 8
3 8
4 8
5 8
6 8
7 8
8 8
0 9
1 9
2 9
3 9
4 9
5 9
6 9
7 9
8 9
9 9
0 10
1 10
2 10
3 10
4 10
5 10
6 10
7 10
8 10
9 10
10 10
0 11
1 11
2 11
3 11
4 11
5 11
6 11
7 11
8 11
9 11
10 11
11 11
0 12
1 12
2 12
3 12
4 12
5 12
6 12
7 12
8 12
9 12
10 12
11 12
12 12
0 13
1 13
2 13
3 13
4 13
5 13
6 13
7 13
8 13
9 13
10 13
11 13
12 13
13 13
0 14
1 14
2 14
3 14
4 14
5 14
6 14
7 14
8 14
9 14
10 14
11 14
12 14
13 14
14 14
0 15
1 15
2 15
3 15
4 15
5 15
6 15
7 15
8 15
9 15
10 15
11 15
12 15
13 15
14 15
15 15
0 16
1 16
2 16
3 16
4 16
5 16
6 16
7 16
8 16
9 16
10 16
11 16
12 16
13 16
14 16
15 16
16 16
0 17
1 17
2 17
3 17
4 17
5 17
6 17
7 17
8 17
9 17
10 17
11 17
12 17
13 17
14 17
15 17
16 17
17 17
0 18
1 18
2 18
3 18
4 18
5 18
6 18
7 18
8 18
9 18
10 18
11 18
12 18
13 18
14 18
15 18
16 18
17 18
18 18
0 19
1 19
2 19
3 19
4 19
5 19
6 19
7 19
8 19
9 19
10 19
11 19
12 19
13 19
14 19
15 19
16 19
17 19
18 19
19 19
0 20
1 20
2 20
3 20
4 20
5 20
6 20
7 20
8 20
9 20
10 20
11 20
12 20
13 20
14 20
15 20
16 20
17 20
18 20
19 20
20 20
0 21
1 21
2 21
3 21
4 21
5 21
6 21
7 21
8 21
9 21
10 21
11 21
12 21
13 21
14 21
15 21
16 21
17 21
18 21
19 21
20 21
21 21
0 22
1 22
2 22
3 22
4 22
5 22
6 22
7 22
8 22
9 22
10 22
11 22
12 22
13 22
14 22
15 22
16 22
17 22
18 22
19 22
20 22
21 22
22 22
0 23
1 23
2 23
3 23
4 23
5 23
6 23
7 23
8 23
9 23
10 23
11 23
12 23
13 23
14 23
15 23
16 23
17 23
18 23
19 23
20 23
21 23
22 23
23 23
0 24
1 24
2 24
3 24
4 24
5 24
6 24
7 24
8 24
9 24
10 24
11 24
12 24
13 24
14 24
15 24
16 24
17 24
18 24
19 24
20 24
21 24
22 24
23 24
24 24
0 25
1 25
2 25
3 25
4 25
5 25
6 25
7 25
8 25
9 25
10 25
11 25
12 25
13 25
14 25
15 25
16 25
17 25
18 25
19 25
20 25
21 25
22 25
23 25
24 25
25 25
0 26
1 26
2 26
3 26
4 26
5 26
6 26
7 26
8 26
9 26
10 26
11 26
12 26
13 26
14 26
15 26
16 26
17 26
18 26
19 26
20 26
21 26
22 26
23 26
24 26
25 26
26 26
0 27
1 27
2 27
3 27
4 27
5 27
6 27
7 27
8 27
9 27
10 27
11 27
12 27
13 27
14 27
15 27
16 27
17 27
18 27
19 27
20 27
21 27
22 27
23 27
24 27
25 27
26 27
27 27
0 28
1 28
2 28
3 28
4 28
5 28
6 28
7 28
8 28
9 28
10 28
11 28
12 28
13 28
14 28
15 28
16 28
17 28
18 28
19 28
20 28
21 28
22 28
23 28
24 28
25 28
26 28
27 28
28 28
0 29
1 29
2 29
3 29
4 29
5 29
6 29
7 29
8 29
9 29
10 29
11 29
12 29
13 29
14 29
15 29
16 29
17 29
18 29
19 29
20 29
21 29
22 29
23 29
24 29
25 29
26 29
27 29
28 29
29 29
0 30
1 30
2 30
3 30
4 30
5 30
6 30
7 30
8 30
9 30
10 30
11 30
12 30
13 30
14 30
15 30
16 30
17 30
18 30
19 30
20 30
21 30
22 30
23 30
24 30
25 30
26 30
27 30
28 30
29 30
30 30
0 31
1 31
2 31
3 31
4 31
5 31
6 31
7 31
8 31
9 31
10 31
11 31
12 31
13 31
14 31
15 31
16 31
17 31
18 31
19 31
20 31
21 31
22 31
23 31
24 31
25 31
26 31
27 31
28 31
29 31
30 31
31 31
